4 13 17.0 42.0 25.0 0.0 
4 14 20.0 21.0 25.0 2.4 
4 15 8.5 40.0 17.0 0.0 
4 16 6.5 25.0 6.0 0.0 
4 17 13.0 34.0 24.0 0.0 
4 18 6.0 40.0 22.0 0.4 
4 19 5.5 52.0 6.0 0.0 
4 20 8.5 46.0 16.0 0.0 
4 21 9.5 54.0 20.0 0.0 
4 22 7.0 93.0 14.0 9.0 
4 23 6.5 71.0 17.0 1.0 
4 24 6.0 59.0 17.0 0.0 
4 25 13.0 52.0 4.0 0.0 
4 26 15.5 40.0 11.0 0.0 
4 27 23.0 25.0 9.0 0.0 
4 28 19.0 46.0 16.0 0.0 
4 29 18.0 41.0 20.0 0.0 
4 30 14.5 51.0 16.0 0.0 
5 1 14.5 69.0 11.0 0.0 
5 2 15.5 42.0 8.0 0.0 
5 3 21.0 37.0 8.0 0.0 
5 4 23.0 32.0 16.0 0.0 
5 5 23.0 32.0 14.0 0.0 
5 6 27.0 33.0 12.0 0.0 
5 7 28.0 17.0 27.0 0.0 
5 8 23.5 54.0 20.0 0.0 
5 9 16.0 50.0 22.0 12.2 
5 10 11.5 58.0 20.0 0.0 
5 11 16.0 54.0 16.0 0.0 
5 12 21.5 37.0 9.0 0.0 
5 13 14.0 61.0 22.0 0.2 
5 14 15.0 30.0 27.0 0.0 
5 15 20.0 23.0 11.0 0.0 
5 16 14.0 95.0 3.0 16.4 
5 17 20.0 53.0 4.0 2.8 
5 18 19.5 30.0 16.0 0.0 
5 19 25.5 51.0 20.0 6.0 
5 20 10.0 38.0 24.0 0.0 
5 21 19.0 27.0 16.0 0.0 
5 22 26.0 46.0 11.0 4.2 
5 23 30.0 38.0 22.0 0.0 
5 24 25.5 67.0 19.0 12.6 
5 25 12.0 53.0 28.0 11.8 
5 26 21.0 38.0 8.0 0.0 
5 27 13.0 70.0 20.0 3.8 
5 28 9.0 78.0 24.0 1.4 
5 29 11.0 54.0 16.0 0.0 
5 30 15.5 39.0 9.0 0.0 
5 31 18.0 36.0 5.0 0.0 
