87.69298009277445 8.545051136 19.014 10.853547513126548 8.490426535837184 10.09628323253224
86.24764219593841 10.401859979351913 23.567999999999998 8.837481918447745 10.355328795767598 9.28012817625558
86.96713292639285 11.798268299351914 26.052 6.539076424935164 11.73918570003668 7.580123176429379
88.8286002135936 13.180130699351913 28.176 4.903356036591325 13.105159508220613 6.158102290949068
89.1014847865098 15.436202891351913 31.47 12.630515416436667 15.337399675030252 14.842002784106564
88.65670191530057 16.468963211351912 33.504 10.713270306570667 16.36851128885065 13.467584112569556
87.35415711108273 17.23698778735191 35.448 3.969575305051489 17.141319544663148 5.862581142434089
87.40264106177463 18.493755275351912 37.932 6.6159348503160285 18.396009801685175 9.652754779076245
86.81102846778724 19.675853707351912 40.596000000000004 7.439313942470475 19.580257516451905 10.990651665879382
29.85887755870525 10.144658432223853 29.52469510340648 0.006712572670145668 10.914115996025208 0.004247848643277238
49.44407707266454 10.678978560223854 31.648695103406478 0.3607709932175374 11.585195790380256 0.23602583026714863
67.28136992192131 11.384698112223854 33.68269510340648 1.3499623841622306 12.341162394868126 0.9153539850037274
77.8013501723657 13.025477888223854 36.97669510340648 1.1336173369045441 13.852068579662355 0.8217360509519518
85.47943446826267 15.440100608223855 40.72069510340648 3.919485227930571 15.852852392546684 5.528474505862492
91.51857601739366 19.822059008223853 45.81469510340648 8.379658020329451 19.782847162712383 12.165155935681405
89.93222445511626 22.453415936223852 50.18869510340648 9.508305019156854 22.396461952909767 14.29620800293267
89.98155955563222 25.18538214422385 54.38269510340648 11.714109641804992 25.109343617164217 17.707882701948815
88.4326750451188 27.03853235222385 57.94669510340648 7.667502335835587 26.95742314891636 13.284414468380861
85.7043553719734 28.31168672822385 62.96069510340648 4.0442670475814735 28.24935337614254 8.012541995768297
87.38526612210713 30.846411776223853 68.15469510340648 4.410024370886533 30.779222493572295 9.08223024997882
89.3861520024153 34.511864294223855 74.33869510340648 5.875169014147033 34.42824407230029 12.257966975968266
90.9844046579876 38.82626750222386 80.88269510340648 11.051393083819631 38.71984907433565 21.006141408704426
91.20530215040934 43.14067071022386 87.42669510340647 10.311215672391993 43.013143402301736 21.06766735892385
91.65788631791501 48.09717969222386 94.69069510340647 9.941747110379705 47.94500382748088 21.682048763704156
95.16574507745275 54.45584339022386 102.13469510340647 34.52177862465509 54.26109032413483 52.553814506491236
89.70121375623054 57.43496144622386 108.76869510340647 11.252740200709345 57.240860850267715 25.863062969519294
62.23068514193742 29.920665089634028 91.80257960251735 1.4087395086400765 32.973881100418986 3.019831549073131
76.69512380085784 31.313868761634026 96.27657960251736 2.333497170339996 34.54136759987897 5.445846851499419
83.45056110553608 33.38471911763403 101.56057960251736 3.8328800217072563 36.650393008261226 8.918519489749414
88.67052886214704 37.13310042563403 107.83457960251737 5.575589029813809 39.90915970661026 12.75157814805568
86.67498028078053 38.68347389963402 112.75857960251736 8.070806450537326 41.64749641922191 17.325960061854378
89.63224193689639 41.65048171963402 117.86257960251736 15.854452914856578 44.22775899650418 28.84405323012916
92.12678412475691 45.92776442163402 123.86657960251736 10.101809924813594 47.66861324410648 21.866463780563
21.333308916597293 20.113609632007257 96.97630882938765 0.00025104543514339184 26.491093437188567 0.0002728548673309299
51.037732692786285 18.2587196357033 102.98030882938765 0.22698317438432142 25.302094796100654 0.23936083942007813
82.26512037339467 22.0550153557033 108.89430882938765 3.297351050772952 29.282919068509266 6.808906230278136
75.35870999000437 16.388877589928036 106.4131627536014 2.141484711555776 23.665747222628326 3.817176973445733
84.32332437100702 18.200674201928035 110.61716275360139 6.44040430538865 25.79197787940822 11.290732462945842
90.30739730376074 22.063576219928034 116.44116275360139 10.03302529425093 29.942971129900307 17.21335971130851
77.5781637114086 18.681721262511687 117.7311376419314 1.5842860376679704 26.751170996573798 2.9341815733662147
90.21521564008368 23.75801627451169 125.5351376419314 13.397014675471793 32.25504750043388 22.03863196353489
65.31666110115003 13.143656175238663 108.5103988887377 1.3910698348962827 20.17723734862375 1.8686793710003804
55.41619697588361 7.74253191634507 91.64993518485264 1.1877129743727164 12.784909904948467 0.8218000335091731
80.84396852750632 11.349802648345069 97.83393518485263 1.8641545067800422 17.596221627843224 2.5560246994770965
61.74128743989012 8.407644851666788 97.86946766488673 1.2412288658663735 13.842401471587092 0.899373599936894
64.48203408048015 8.992621903666787 101.89346766488673 1.7303566121041463 14.734299722009405 1.9501922337402933
77.63396231226196 10.457960459666788 106.27746766488673 2.0473338691922724 16.78637173684127 2.7866385717603666
85.43024711542763 13.123791975666789 111.47146766488673 3.5195958117359867 20.278884733567388 5.774189686079906
88.45921892142326 16.34195555966679 117.11546766488674 4.42163629585734 24.23107486186026 7.9287152274412644
